{
  "advancedEditorSelectedIdentifier" : "ProjectBrowser",
  "openSceneRelativePaths" : [
    "Immersive.usda",
    "airplane.usda",
    "lexperson.usda",
    "pancakes.usda",
    "tadpole.usda",
    "Untitled Scene.usda",
    "duck.usda"
  ],
  "recentIdentifiers" : {
    "84C914D9-861B-408A-B87F-DE6A1C0DD296" : [

    ]
  },
  "sceneCameraHistory" : {
    "1D572CEB-057A-41C3-B575-04C37501A3C0" : [
      {
        "date" : 733573286.623942,
        "title" : "Untitled",
        "transform" : [
          1,
          0,
          -0,
          0,
          -0,
          0.86602443,
          -0.50000167,
          0,
          0,
          0.50000167,
          0.86602443,
          0,
          0,
          3.7672558,
          4.40774,
          1
        ]
      }
    ],
    "2BE16B2A-8265-43F2-9206-40ECCEE8B439" : [
      {
        "date" : 733573507.306412,
        "title" : "Untitled",
        "transform" : [
          0.9984395,
          -2.3605273e-10,
          -0.055843662,
          0,
          -0.011293165,
          0.9793384,
          -0.20191266,
          0,
          0.05468985,
          0.20222823,
          0.97781026,
          0,
          0.02452273,
          0.09001441,
          0.43862242,
          1
        ]
      },
      {
        "date" : 733573503.440592,
        "title" : "Untitled",
        "transform" : [
          0.99999285,
          -1.2236986e-10,
          0.003772694,
          0,
          -0.000101434955,
          0.99963844,
          0.026886424,
          0,
          -0.003771329,
          -0.026886635,
          0.9996313,
          0,
          -0.0016514627,
          -0.011504963,
          0.43791342,
          1
        ]
      },
      {
        "date" : 733573492.923378,
        "title" : "Untitled",
        "transform" : [
          0.99987173,
          -1.263345e-10,
          0.016008262,
          0,
          -0.0014467839,
          0.99590755,
          0.09036574,
          0,
          -0.01594275,
          -0.09037733,
          0.99577993,
          0,
          -0.006932295,
          -0.03921006,
          0.4331649,
          1
        ]
      },
      {
        "date" : 733573468.957505,
        "title" : "Untitled",
        "transform" : [
          0.99999994,
          0,
          -0,
          0,
          -0,
          0.8660254,
          -0.49999994,
          0,
          0,
          0.49999994,
          0.8660254,
          0,
          0,
          0.21748422,
          0.37669376,
          1
        ]
      }
    ],
    "3BCA95BD-33DE-42BA-82F0-0F6B251F2061" : [
      {
        "date" : 733573608.223518,
        "title" : "Untitled",
        "transform" : [
          0.9990451,
          -2.3200057e-09,
          -0.043689344,
          0,
          -0.02141503,
          0.8716291,
          -0.489698,
          0,
          0.038080905,
          0.49016598,
          0.8707968,
          0,
          0.015824178,
          0.21339859,
          0.37881374,
          1
        ]
      },
      {
        "date" : 733573597.461151,
        "title" : "Untitled",
        "transform" : [
          0.9999518,
          -2.0533952e-10,
          -0.009815548,
          0,
          0.0031780014,
          0.9461349,
          0.3237566,
          0,
          0.009286834,
          -0.32377222,
          0.9460894,
          0,
          0.0039301324,
          -0.12806083,
          0.41733065,
          1
        ]
      },
      {
        "date" : 733573566.586146,
        "title" : "Untitled",
        "transform" : [
          0.99999994,
          0,
          -0,
          0,
          -0,
          0.8660254,
          -0.49999994,
          0,
          0,
          0.49999994,
          0.8660254,
          0,
          0,
          0.21748422,
          0.37669376,
          1
        ]
      }
    ],
    "7F7A42D4-A1E5-4B2B-9ABB-87F887D737C2" : [
      {
        "date" : 733573286.65087,
        "title" : "Untitled",
        "transform" : [
          1,
          0,
          -0,
          0,
          -0,
          0.8660253,
          -0.5000001,
          0,
          0,
          0.5000001,
          0.8660253,
          0,
          0,
          0.43497002,
          0.75339025,
          1
        ]
      }
    ],
    "9AA19DD7-3361-4A5D-8608-2146B1D1D919" : [
      {
        "date" : 733573546.905417,
        "title" : "Untitled",
        "transform" : [
          1,
          0,
          -0,
          0,
          -0,
          0.85073084,
          -0.5256017,
          0,
          0,
          0.5256017,
          0.85073084,
          0,
          0,
          0.23989542,
          0.38296175,
          1
        ]
      }
    ],
    "84C914D9-861B-408A-B87F-DE6A1C0DD296" : [
      {
        "date" : 733573441.675026,
        "title" : "Untitled",
        "transform" : [
          0.95695,
          3.6469412e-09,
          -0.29025292,
          0,
          -0.22353515,
          0.6378759,
          -0.73698467,
          0,
          0.1851453,
          0.77013916,
          0.61041534,
          0,
          0.1474297,
          0.59828216,
          0.50122106,
          1
        ]
      },
      {
        "date" : 733573419.130733,
        "title" : "Untitled",
        "transform" : [
          0.9980045,
          7.128703e-09,
          0.06314239,
          0,
          -0.06310392,
          0.03489957,
          0.9973965,
          0,
          -0.0022036524,
          -0.99939084,
          0.03482992,
          0,
          -0.001905352,
          -0.78660095,
          0.027419358,
          1
        ]
      },
      {
        "date" : 733573398.046167,
        "title" : "Untitled",
        "transform" : [
          0.9969963,
          7.128701e-09,
          0.077446386,
          0,
          -0.07739922,
          0.034899626,
          0.99638903,
          0,
          -0.0027028606,
          -0.9993907,
          0.034794796,
          0,
          -0.0021273384,
          -0.78660095,
          0.027385427,
          1
        ]
      },
      {
        "date" : 733573369.42259,
        "title" : "Untitled",
        "transform" : [
          0.99999994,
          0,
          0,
          0,
          0,
          0.8660254,
          -0.49999994,
          0,
          0,
          0.49999994,
          0.8660254,
          0,
          0,
          0.39353994,
          0.6816312,
          1
        ]
      },
      {
        "date" : 733573365.306277,
        "title" : "Untitled",
        "transform" : [
          0.99999994,
          0,
          0,
          0,
          0,
          0.8660254,
          -0.49999994,
          0,
          0,
          0.49999994,
          0.8660254,
          0,
          0,
          0.09719341,
          0.16834395,
          1
        ]
      },
      {
        "date" : 733573331.361357,
        "title" : "Untitled",
        "transform" : [
          0.99999994,
          0,
          -0,
          0,
          -0,
          0.8660254,
          -0.49999994,
          0,
          0,
          0.49999994,
          0.8660254,
          0,
          0,
          0.21748422,
          0.37669376,
          1
        ]
      }
    ],
    "612382B8-C5FD-49DB-A820-01F396DB3C5C" : [
      {
        "date" : 733573648.804008,
        "title" : "Untitled",
        "transform" : [
          0.99960244,
          1.0342713e-09,
          -0.028191373,
          0,
          -0.0022628221,
          0.9967735,
          -0.080234505,
          0,
          0.028100414,
          0.08026644,
          0.9963772,
          0,
          0.011930184,
          0.029441193,
          0.4231535,
          1
        ]
      },
      {
        "date" : 733573637.688199,
        "title" : "Untitled",
        "transform" : [
          0.999979,
          -3.165716e-10,
          0.0064602946,
          0,
          -0.0050243526,
          0.6286011,
          0.7777116,
          0,
          -0.0040609464,
          -0.77772784,
          0.628588,
          0,
          -0.0016993631,
          -0.33280414,
          0.2631786,
          1
        ]
      },
      {
        "date" : 733573628.673414,
        "title" : "Untitled",
        "transform" : [
          0.99853843,
          -3.4395597e-10,
          0.0540435,
          0,
          0.0033848623,
          0.9980366,
          -0.062540665,
          0,
          -0.053937394,
          0.06263221,
          0.99657804,
          0,
          -0.023454478,
          0.02730361,
          0.43349457,
          1
        ]
      },
      {
        "date" : 733573310.872582,
        "title" : "Untitled",
        "transform" : [
          0.99999994,
          0,
          -0,
          0,
          -0,
          0.8660254,
          -0.49999994,
          0,
          0,
          0.49999994,
          0.8660254,
          0,
          0,
          0.21748422,
          0.37669376,
          1
        ]
      }
    ],
    "B0506632-0F89-4780-8EBB-18D6F14788BF" : [
      {
        "date" : 733576462.188413,
        "title" : "Untitled",
        "transform" : [
          0.62159157,
          3.4735578e-08,
          -0.78334147,
          0,
          -0.37323597,
          0.8791927,
          -0.29616752,
          0,
          0.68870807,
          0.47646636,
          0.54649884,
          0,
          0.29791528,
          0.20471475,
          0.23916273,
          1
        ]
      },
      {
        "date" : 733576454.2555,
        "title" : "Untitled",
        "transform" : [
          0.88208884,
          1.9036442e-08,
          -0.47108307,
          0,
          0.021804081,
          0.9989283,
          0.04082754,
          0,
          0.4705781,
          -0.046285123,
          0.8811435,
          0,
          0.20200352,
          -0.022099819,
          0.3828402,
          1
        ]
      },
      {
        "date" : 733576440.353928,
        "title" : "Untitled",
        "transform" : [
          0.9909283,
          2.1244366e-09,
          -0.13439114,
          0,
          -0.08486552,
          0.7753909,
          -0.62575287,
          0,
          0.10420568,
          0.6314814,
          0.7683569,
          0,
          0.04319307,
          0.272113,
          0.33458826,
          1
        ]
      },
      {
        "date" : 733576426.003867,
        "title" : "Untitled",
        "transform" : [
          0.99999994,
          0,
          -0,
          0,
          -0,
          0.8660254,
          -0.49999994,
          0,
          0,
          0.49999994,
          0.8660254,
          0,
          0,
          0.21748422,
          0.37669376,
          1
        ]
      }
    ],
    "CD103E7B-F7B5-4A40-B5CE-576944F2BB5D" : [
      {
        "date" : 733573762.329583,
        "title" : "Untitled",
        "transform" : [
          1,
          0,
          -0,
          0,
          -0,
          0.86014646,
          -0.5100471,
          0,
          0,
          0.5100471,
          0.86014646,
          0,
          0,
          0.22253074,
          0.37527704,
          1
        ]
      }
    ]
  },
  "selectedSceneRelativePath" : "pancakes.usda"
}